0 0
1 0.154508
2 0.293893
3 0.404508
4 0.475528
5 0.5
6 0.475528
7 0.404508
8 0.293893
9 0.154508
10 6.12303e-017
11 -0.154508
12 -0.293893
13 -0.404508
14 -0.475528
15 -0.422746
16 -0.328582
17 -0.257562
18 -0.0916384
19 0.0832556
20 0.25
21 0.404508
22 0.531657
23 0.606763
24 0.622475
25 0.577254
26 0.552783
27 0.404508
28 0.216638
29 0.00756218
30 -0.202254
31 -0.356763
32 -0.531657
33 -0.615881
34 -0.639819
35 -0.628781
36 -0.521347
37 -0.450328
38 -0.252265
39 -0.0295085
40 0.202254
41 0.420337
42 0.597274
43 0.715746
44 0.764155
45 0.776391
46 0.677783
47 0.512828
48 0.297674
49 0.0533814
50 -0.178381
