0 0
1 3.09017
2 5.87785
3 8.09017
4 9.51057
5 10
6 9.51057
7 8.09017
8 5.87785
9 3.09017
10 1.22461e-015
11 -3.09017
12 -5.87785
13 -8.09017
14 -9.51057
15 -10
16 -9.51057
17 -8.09017
18 -5.87785
19 -3.09017
20 -2.44921e-015
21 3.09017
22 5.87785
23 8.09017
24 9.51057
25 10
26 9.51057
27 8.09017
28 5.87785
29 3.09017
30 3.67382e-015
31 -3.09017
32 -5.87785
33 -8.09017
34 -9.51057
35 -10
36 -9.51057
37 -8.09017
38 -5.87785
39 -3.09017
40 -4.89843e-015
41 3.09017
42 5.87785
43 8.09017
44 9.51057
45 10
46 9.51057
47 8.09017
48 5.87785
49 3.09017
50 6.12303e-015
51 -1.54508
52 -2.93893
53 -4.04508
54 -4.75528
55 -5
56 -4.75528
57 -4.04508
58 -2.93893
59 -1.54508
60 -6.73533e-015
61 1.54508
62 2.93893
63 4.04508
64 4.75528
65 5
66 4.75528
67 4.04508
68 2.93893
69 1.54508
70 7.34764e-015
71 -1.54508
72 -2.93893
73 -4.04508
74 -4.75528
75 -5
76 -4.75528
77 -4.04508
78 -2.93893
79 -1.54508
80 -7.95994e-015
81 1.54508
82 2.93893
83 4.04508
84 4.75528
85 5
86 4.75528
87 4.04508
88 2.93893
89 1.54508
90 8.57224e-015
91 -1.54508
92 -2.93893
93 -4.04508
94 -4.75528
95 -5
96 -4.75528
97 -4.04508
98 -2.93893
99 -1.54508
100 -9.18455e-015
101 2.31763
102 4.40839
103 6.06763
104 7.13292
105 7.5
106 7.13292
107 6.06763
108 4.40839
109 2.31763
110 4.56301e-014
111 -2.31763
112 -4.40839
113 -6.06763
114 -7.13292
115 -7.5
116 -7.13292
117 -6.06763
118 -4.40839
119 -2.31763
120 -1.10215e-014
121 2.31763
122 4.40839
123 6.06763
124 7.13292
125 7.5
126 7.13292
127 6.06763
128 4.40839
129 2.31763
130 -2.35872e-014
131 -2.31763
132 -4.40839
133 -6.06763
134 -7.13292
135 -7.5
136 -7.13292
137 -6.06763
138 -4.40839
139 -2.31763
140 -1.28584e-014
141 2.31763
142 4.40839
143 6.06763
144 7.13292
145 7.5
146 7.13292
147 6.06763
148 4.40839
149 2.31763
150 4.9304e-014
151 -1.93136
152 -3.67366
153 -5.05636
154 -5.9441
155 -6.25
156 -5.9441
157 -5.05636
158 -3.67366
159 -1.93136
160 3.22137e-015
161 1.93136
162 3.67366
163 5.05636
164 5.9441
165 6.25
166 5.9441
167 5.05636
168 3.67366
169 1.93136
170 -2.02196e-014
171 -1.93136
172 -3.67366
173 -5.05636
174 -5.9441
175 -6.25
176 -5.9441
177 -5.05636
178 -3.67366
179 -1.93136
180 -3.38365e-014
181 1.93136
182 3.67366
183 5.05636
184 5.9441
185 6.25
186 5.9441
187 5.05636
188 3.67366
189 1.93136
190 5.23655e-014
191 -1.93136
192 -3.67366
193 -5.05636
194 -5.9441
195 -6.25
196 -5.9441
197 -5.05636
198 -3.67366
199 -1.93136
200 2.4652e-014
201 -0.965678
202 -1.83683
203 -2.52818
204 -2.97205
205 -3.125
206 -2.97205
207 -2.52818
208 -1.83683
209 -0.965678
210 1.61068e-015
211 0.965678
212 1.83683
213 2.52818
214 2.97205
215 3.125
216 2.97205
217 2.52818
218 1.83683
219 0.965678
220 -1.01098e-014
221 -0.965678
222 -1.83683
223 -2.52818
224 -2.97205
225 -3.125
226 -2.97205
227 -2.52818
228 -1.83683
229 -0.965678
230 -1.69183e-014
231 0.965678
232 1.83683
233 2.52818
234 2.97205
235 3.125
236 2.97205
237 2.52818
238 1.83683
239 0.965678
240 2.61827e-014
241 -0.965678
242 -1.83683
243 -2.52818
244 -2.97205
245 -3.125
246 -2.97205
247 -2.52818
248 -1.83683
249 -0.965678
250 1.2326e-014
251 -0.482839
252 -0.918414
253 -1.26409
254 -1.48603
255 -1.5625
256 -1.48603
257 -1.26409
258 -0.918414
259 -0.482839
260 8.05342e-016
261 0.482839
262 0.918414
263 1.26409
264 1.48603
265 1.5625
266 1.48603
267 1.26409
268 0.918414
269 0.482839
270 -5.05489e-015
271 -0.482839
272 -0.918414
273 -1.26409
274 -1.48603
275 -1.5625
276 -1.48603
277 -1.26409
278 -0.918414
279 -0.482839
280 -8.45913e-015
281 0.482839
282 0.918414
283 1.26409
284 1.48603
285 1.5625
286 1.48603
287 1.26409
288 0.918414
289 0.482839
290 1.30914e-014
291 -0.482839
292 -0.918414
293 -1.26409
294 -1.48603
295 -1.5625
296 -1.48603
297 -1.26409
298 -0.918414
299 -0.482839
300 6.16299e-015
301 -0.24142
302 -0.459207
303 -0.632045
304 -0.743013
305 -0.78125
306 -0.743013
307 -0.632045
308 -0.459207
309 -0.24142
310 4.02671e-016
311 0.24142
312 0.459207
313 0.632045
314 0.743013
315 0.78125
316 0.743013
317 0.632045
318 0.459207
319 0.24142
320 -2.52744e-015
321 -0.24142
322 -0.459207
323 -0.632045
324 -0.743013
325 -0.78125
326 -0.743013
327 -0.632045
328 -0.459207
329 -0.24142
330 -4.22957e-015
331 0.24142
332 0.459207
333 0.632045
334 0.743013
335 0.78125
336 0.743013
337 0.632045
338 0.459207
339 0.24142
340 6.54568e-015
341 -0.24142
342 -0.459207
343 -0.632045
344 -0.743013
345 -0.78125
346 -0.743013
347 -0.632045
348 -0.459207
349 -0.24142
350 3.0815e-015
351 -0.12071
352 -0.229604
353 -0.316022
354 -0.371506
355 -0.390625
356 -0.371506
357 -0.316022
358 -0.229604
359 -0.12071
360 2.01335e-016
361 0.12071
362 0.229604
363 0.316022
364 0.371506
365 0.390625
366 0.371506
367 0.316022
368 0.229604
369 0.12071
370 -1.26372e-015
371 -0.12071
372 -0.229604
373 -0.316022
374 -0.371506
375 -0.390625
376 -0.371506
377 -0.316022
378 -0.229604
379 -0.12071
380 -2.11478e-015
381 0.12071
382 0.229604
383 0.316022
384 0.371506
385 0.390625
386 0.371506
387 0.316022
388 0.229604
389 0.12071
390 3.27284e-015
391 -0.12071
392 -0.229604
393 -0.316022
394 -0.371506
395 -0.390625
396 -0.371506
397 -0.316022
398 -0.229604
399 -0.12071
400 1.54075e-015
401 -0.0603549
402 -0.114802
403 -0.158011
404 -0.185753
405 -0.195312
406 -0.185753
407 -0.158011
408 -0.114802
409 -0.0603549
410 1.00668e-016
411 0.0603549
412 0.114802
413 0.158011
414 0.185753
415 0.195312
416 0.185753
417 0.158011
418 0.114802
419 0.0603549
420 -6.31861e-016
421 -0.0603549
422 -0.114802
423 -0.158011
424 -0.185753
425 -0.195312
426 -0.185753
427 -0.158011
428 -0.114802
429 -0.0603549
430 -1.05739e-015
431 0.0603549
432 0.114802
433 0.158011
434 0.185753
435 0.195312
436 0.185753
437 0.158011
438 0.114802
439 0.0603549
440 1.63642e-015
441 -0.0603549
442 -0.114802
443 -0.158011
444 -0.185753
445 -0.195312
446 -0.185753
447 -0.158011
448 -0.114802
449 -0.0603549
450 7.70374e-016
451 -0.0301774
452 -0.0574009
453 -0.0790056
454 -0.0928766
455 -0.0976562
456 -0.0928766
457 -0.0790056
458 -0.0574009
459 -0.0301774
460 5.03339e-017
461 0.0301774
462 0.0574009
463 0.0790056
464 0.0928766
465 0.0976562
466 0.0928766
467 0.0790056
468 0.0574009
469 0.0301774
470 -3.15931e-016
471 -0.0301774
472 -0.0574009
473 -0.0790056
474 -0.0928766
475 -0.0976562
476 -0.0928766
477 -0.0790056
478 -0.0574009
479 -0.0301774
480 -5.28696e-016
481 0.0301774
482 0.0574009
483 0.0790056
484 0.0928766
485 0.0976562
486 0.0928766
487 0.0790056
488 0.0574009
489 0.0301774
490 8.18211e-016
491 -0.0301774
492 -0.0574009
493 -0.0790056
494 -0.0928766
495 -0.0976562
496 -0.0928766
497 -0.0790056
498 -0.0574009
499 -0.0301774
500 3.85187e-016
501 -0.0150887
502 -0.0287005
503 -0.0395028
504 -0.0464383
505 -0.0488281
506 -0.0464383
507 -0.0395028
508 -0.0287005
509 -0.0150887
510 2.51669e-017
511 0.0150887
512 0.0287005
513 0.0395028
514 0.0464383
515 0.0488281
516 0.0464383
517 0.0395028
518 0.0287005
519 0.0150887
520 -1.57965e-016
521 -0.0150887
522 -0.0287005
523 -0.0395028
524 -0.0464383
525 -0.0488281
526 -0.0464383
527 -0.0395028
528 -0.0287005
529 -0.0150887
530 -2.64348e-016
531 0.0150887
532 0.0287005
533 0.0395028
534 0.0464383
535 0.0488281
536 0.0464383
537 0.0395028
538 0.0287005
539 0.0150887
540 4.09105e-016
541 -0.0150887
542 -0.0287005
543 -0.0395028
544 -0.0464383
545 -0.0488281
546 -0.0464383
547 -0.0395028
548 -0.0287005
549 -0.0150887
550 1.92594e-016
551 -0.00754436
552 -0.0143502
553 -0.0197514
554 -0.0232192
555 -0.0244141
556 -0.0232192
557 -0.0197514
558 -0.0143502
559 -0.00754436
560 1.25835e-017
561 0.00754436
562 0.0143502
563 0.0197514
564 0.0232192
565 0.0244141
566 0.0232192
567 0.0197514
568 0.0143502
569 0.00754436
570 -7.89826e-017
571 -0.00754436
572 -0.0143502
573 -0.0197514
574 -0.0232192
575 -0.0244141
576 -0.0232192
577 -0.0197514
578 -0.0143502
579 -0.00754436
580 -1.32174e-016
581 0.00754436
582 0.0143502
583 0.0197514
584 0.0232192
585 0.0244141
586 0.0232192
587 0.0197514
588 0.0143502
589 0.00754436
590 2.04553e-016
591 -0.00754436
592 -0.0143502
593 -0.0197514
594 -0.0232192
595 -0.0244141
596 -0.0232192
597 -0.0197514
598 -0.0143502
599 -0.00754436
600 9.62968e-017
601 -0.00377218
602 -0.00717511
603 -0.0098757
604 -0.0116096
605 -0.012207
606 -0.0116096
607 -0.0098757
608 -0.00717511
609 -0.00377218
610 6.29173e-018
611 0.00377218
612 0.00717511
613 0.0098757
614 0.0116096
615 0.012207
616 0.0116096
617 0.0098757
618 0.00717511
619 0.00377218
620 -3.94913e-017
621 -0.00377218
622 -0.00717511
623 -0.0098757
624 -0.0116096
625 -0.012207
626 -0.0116096
627 -0.0098757
628 -0.00717511
629 -0.00377218
630 -6.6087e-017
631 0.00377218
632 0.00717511
633 0.0098757
634 0.0116096
635 0.012207
636 0.0116096
637 0.0098757
638 0.00717511
639 0.00377218
640 1.02276e-016
641 -0.00377218
642 -0.00717511
643 -0.0098757
644 -0.0116096
645 -0.012207
646 -0.0116096
647 -0.0098757
648 -0.00717511
649 -0.00377218
650 4.81484e-017
651 -0.00188609
652 -0.00358756
653 -0.00493785
654 -0.00580479
655 -0.00610352
656 -0.00580479
657 -0.00493785
658 -0.00358756
659 -0.00188609
660 3.14587e-018
661 0.00188609
662 0.00358756
663 0.00493785
664 0.00580479
665 0.00610352
666 0.00580479
667 0.00493785
668 0.00358756
669 0.00188609
670 -1.97457e-017
671 -0.00188609
672 -0.00358756
673 -0.00493785
674 -0.00580479
675 -0.00610352
676 -0.00580479
677 -0.00493785
678 -0.00358756
679 -0.00188609
680 -3.30435e-017
681 0.00188609
682 0.00358756
683 0.00493785
684 0.00580479
685 0.00610352
686 0.00580479
687 0.00493785
688 0.00358756
689 0.00188609
690 5.11382e-017
691 -0.00188609
692 -0.00358756
693 -0.00493785
694 -0.00580479
695 -0.00610352
696 -0.00580479
697 -0.00493785
698 -0.00358756
699 -0.00188609
700 2.40742e-017
701 -0.000943045
702 -0.00179378
703 -0.00246892
704 -0.00290239
705 -0.00305176
706 -0.00290239
707 -0.00246892
708 -0.00179378
709 -0.000943045
710 1.57293e-018
711 0.000943045
712 0.00179378
713 0.00246892
714 0.00290239
715 0.00305176
716 0.00290239
717 0.00246892
718 0.00179378
719 0.000943045
720 -9.87283e-018
721 -0.000943045
722 -0.00179378
723 -0.00246892
724 -0.00290239
725 -0.00305176
726 -0.00290239
727 -0.00246892
728 -0.00179378
729 -0.000943045
730 -1.65217e-017
731 0.000943045
732 0.00179378
733 0.00246892
734 0.00290239
735 0.00305176
736 0.00290239
737 0.00246892
738 0.00179378
739 0.000943045
740 2.55691e-017
741 -0.000943045
742 -0.00179378
743 -0.00246892
744 -0.00290239
745 -0.00305176
746 -0.00290239
747 -0.00246892
748 -0.00179378
749 -0.000943045
750 1.20371e-017
751 -0.000471523
752 -0.000896889
753 -0.00123446
754 -0.0014512
755 -0.00152588
756 -0.0014512
757 -0.00123446
758 -0.000896889
759 -0.000471523
760 7.86467e-019
761 0.000471523
762 0.000896889
763 0.00123446
764 0.0014512
765 0.00152588
766 0.0014512
767 0.00123446
768 0.000896889
769 0.000471523
770 -4.93642e-018
771 -0.000471523
772 -0.000896889
773 -0.00123446
774 -0.0014512
775 -0.00152588
776 -0.0014512
777 -0.00123446
778 -0.000896889
779 -0.000471523
780 -8.26087e-018
781 0.000471523
782 0.000896889
783 0.00123446
784 0.0014512
785 0.00152588
786 0.0014512
787 0.00123446
788 0.000896889
789 0.000471523
790 1.27845e-017
791 -0.000471523
792 -0.000896889
793 -0.00123446
794 -0.0014512
795 -0.00152588
796 -0.0014512
797 -0.00123446
798 -0.000896889
799 -0.000471523
800 6.01855e-018
801 -0.000235761
802 -0.000448445
803 -0.000617231
804 -0.000725599
805 -0.000762939
806 -0.000725599
807 -0.000617231
808 -0.000448445
809 -0.000235761
810 3.93233e-019
811 0.000235761
812 0.000448445
813 0.000617231
814 0.000725599
815 0.000762939
816 0.000725599
817 0.000617231
818 0.000448445
819 0.000235761
820 -2.46821e-018
821 -0.000235761
822 -0.000448445
823 -0.000617231
824 -0.000725599
825 -0.000762939
826 -0.000725599
827 -0.000617231
828 -0.000448445
829 -0.000235761
830 -4.13044e-018
831 0.000235761
832 0.000448445
833 0.000617231
834 0.000725599
835 0.000762939
836 0.000725599
837 0.000617231
838 0.000448445
839 0.000235761
840 6.39227e-018
841 -0.000235761
842 -0.000448445
843 -0.000617231
844 -0.000725599
845 -0.000762939
846 -0.000725599
847 -0.000617231
848 -0.000448445
849 -0.000235761
850 3.00927e-018
851 -0.000117881
852 -0.000224222
853 -0.000308615
854 -0.000362799
855 -0.00038147
856 -0.000362799
857 -0.000308615
858 -0.000224222
859 -0.000117881
860 1.96617e-019
861 0.000117881
862 0.000224222
863 0.000308615
864 0.000362799
865 0.00038147
866 0.000362799
867 0.000308615
868 0.000224222
869 0.000117881
870 -1.2341e-018
871 -0.000117881
872 -0.000224222
873 -0.000308615
874 -0.000362799
875 -0.00038147
876 -0.000362799
877 -0.000308615
878 -0.000224222
879 -0.000117881
880 -2.06522e-018
881 0.000117881
882 0.000224222
883 0.000308615
884 0.000362799
885 0.00038147
886 0.000362799
887 0.000308615
888 0.000224222
889 0.000117881
890 3.19613e-018
891 -0.000117881
892 -0.000224222
893 -0.000308615
894 -0.000362799
895 -0.00038147
896 -0.000362799
897 -0.000308615
898 -0.000224222
899 -0.000117881
900 1.50464e-018
901 -5.89403e-005
902 -0.000112111
903 -0.000154308
904 -0.0001814
905 -0.000190735
906 -0.0001814
907 -0.000154308
908 -0.000112111
909 -5.89403e-005
910 9.83083e-020
911 5.89403e-005
912 0.000112111
913 0.000154308
914 0.0001814
915 0.000190735
916 0.0001814
917 0.000154308
918 0.000112111
919 5.89403e-005
920 -6.17052e-019
921 -5.89403e-005
922 -0.000112111
923 -0.000154308
924 -0.0001814
925 -0.000190735
926 -0.0001814
927 -0.000154308
928 -0.000112111
929 -5.89403e-005
930 -1.03261e-018
931 5.89403e-005
932 0.000112111
933 0.000154308
934 0.0001814
935 0.000190735
936 0.0001814
937 0.000154308
938 0.000112111
939 5.89403e-005
940 1.59807e-018
941 -5.89403e-005
942 -0.000112111
943 -0.000154308
944 -0.0001814
945 -0.000190735
946 -0.0001814
947 -0.000154308
948 -0.000112111
949 -5.89403e-005
950 7.52319e-019
951 -2.94702e-005
952 -5.60556e-005
953 -7.71539e-005
954 -9.06998e-005
955 -9.53674e-005
956 -9.06998e-005
957 -7.71539e-005
958 -5.60556e-005
959 -2.94702e-005
960 4.91542e-020
961 2.94702e-005
962 5.60556e-005
963 7.71539e-005
964 9.06998e-005
965 9.53674e-005
966 9.06998e-005
967 7.71539e-005
968 5.60556e-005
969 2.94702e-005
970 -3.08526e-019
971 -2.94702e-005
972 -5.60556e-005
973 -7.71539e-005
974 -9.06998e-005
975 -9.53674e-005
976 -9.06998e-005
977 -7.71539e-005
978 -5.60556e-005
979 -2.94702e-005
980 -5.16304e-019
981 2.94702e-005
982 5.60556e-005
983 7.71539e-005
984 9.06998e-005
985 9.53674e-005
986 9.06998e-005
987 7.71539e-005
988 5.60556e-005
989 2.94702e-005
990 7.99034e-019
991 -2.94702e-005
992 -5.60556e-005
993 -7.71539e-005
994 -9.06998e-005
995 -9.53674e-005
996 -9.06998e-005
997 -7.71539e-005
998 -5.60556e-005
999 -2.94702e-005
1000 3.76159e-019
