0.1 0
1.10909 0
2.11818 0
3.12727 0
4.13636 0
5.14545 0
6.15455 0
7.16364 0
8.17273 0
9.18182 0
10.1909 0
11.2 0
12.2091 0
13.2182 0
14.2273 0
15.2364 0
16.2455 0
17.2545 0
18.2636 0
19.2727 0
20.2818 0
21.2909 0
22.3 0
23.3091 0
24.3182 0
25.3273 0
26.3364 0
27.3455 0
28.3545 0
29.3636 0
30.3727 0
31.3818 0
32.3909 0
33.4 0
34.4091 0
35.4182 0
36.4273 0
37.4364 0
38.4455 0
39.4545 0
40.4636 0
41.4727 0
42.4818 0
43.4909 0
44.5 0
45.5091 0
46.5182 0
47.5273 0
48.5364 0
49.5455 0
50.5545 0
51.5636 0
52.5727 0
53.5818 0
54.5909 0
55.6 0
56.6091 0
57.6182 0
58.6273 0
59.6364 0
60.6455 0
61.6545 0
62.6636 0
63.6727 0
64.6818 0
65.6909 0
66.7 0
67.7091 0
68.7182 0
69.7273 0
70.7364 0
71.7455 0
72.7545 0
73.7636 0
74.7727 0
75.7818 0
76.7909 0
77.8 0
78.8091 0
79.8182 0
80.8273 0
81.8364 0
82.8455 0
83.8545 0
84.8636 0
85.8727 0
86.8818 0
87.8909 0
88.9 0
89.9091 0
90.9182 0
91.9273 0
92.9364 0
93.9455 0
94.9545 0
95.9636 0
96.9727 0
97.9818 0
98.9909 0
